# Created by Octave 4.0.2, Sat Jan 06 00:37:01 2018 IST <roy@miller>
# name: V
# type: matrix
# rows: 10
# columns: 1
 2198
 2717
 2098
 2053
 2809
 2050
 2142
 2994
 2712
 2584


